height: 16  length: 30
leftMind: 98 onTurn: 贺铭鑫 HasStep: 0
魏薛涛 得分: 9 失误: 2 剩余时间: 3581s 头像：src/pic/魏薛涛.png
贺铭鑫 得分: 10 失误: 0 剩余时间: 3589s 头像：src/pic/贺铭鑫.png
=========================================================
1 1 1 0 2 9 9 1 0 1 9 1 1 9 1 1 9 2 1 0 0 0 1 1 1 0 0 0 0 0
2 9 1 0 2 9 4 2 1 1 1 2 2 2 1 1 2 9 1 1 2 2 2 9 1 1 2 2 1 0
9 2 1 0 1 1 2 9 1 0 0 1 9 2 1 1 1 1 1 1 9 9 2 2 3 3 9 9 2 0
1 1 0 0 1 1 3 3 3 1 0 1 2 3 9 1 0 0 1 2 3 2 1 1 9 9 4 9 3 1
0 0 0 1 2 9 2 9 9 1 0 0 1 9 3 2 1 1 2 9 2 1 2 2 3 2 2 1 3 9
0 0 0 1 9 3 3 3 3 2 0 0 1 1 2 9 1 1 9 2 3 9 4 9 2 1 1 1 3 9
1 1 1 2 3 9 1 1 9 1 0 0 1 1 2 1 2 2 2 2 4 9 5 9 2 1 9 1 2 9
9 2 3 9 3 1 1 1 1 1 0 0 2 9 2 0 2 9 2 1 9 9 3 1 2 2 2 1 1 1
2 9 3 9 3 1 0 0 0 1 1 1 3 9 4 2 5 9 3 1 3 4 3 1 1 9 2 2 2 1
1 1 2 2 9 1 0 1 1 2 9 1 3 9 4 9 9 9 3 1 1 9 9 1 1 1 2 9 9 2
1 1 1 2 2 2 1 2 9 3 2 2 3 9 5 4 4 3 9 2 3 4 3 1 0 0 1 2 3 9
9 1 2 9 2 1 9 4 5 9 2 2 9 5 9 9 1 1 1 2 9 9 2 1 1 1 0 0 1 1
3 4 4 9 2 1 2 9 9 9 3 3 9 9 3 2 1 0 0 2 4 9 2 1 9 2 1 1 0 0
9 9 9 3 2 1 2 4 9 3 2 9 3 2 1 0 0 0 0 1 9 3 2 1 1 2 9 2 2 2
2 3 2 3 9 2 1 9 2 2 3 4 3 1 0 0 0 1 1 2 2 9 2 1 1 1 2 3 9 9
0 0 0 2 9 2 1 1 1 1 9 9 9 1 0 0 0 1 9 1 1 1 2 9 1 0 1 9 3 2

